timestamp,Q_in [m3/s],Q_dmv [m3/s],Q_t [m3/s],Water balance [m3/s],Reservoir Volume [m3],Water level [m slm],Volume loss [m3],Overflow [m3/s],Cum Volume loss [m3],Cum Volume turb [m3
2023-01-01 00:00:00,0.0,2,0,-2.0,22635467,822.82,0,0.0,0,0
2023-01-01 01:00:00,29.6,2,0,27.6,22734647,822.87,0,0.0,0,0
2023-01-01 02:00:00,56.0,2,0,54.0,22928903,822.96,0,0.0,0,0
2023-01-01 03:00:00,79.6,2,0,77.6,23208119,823.1,0,0.0,0,0
2023-01-01 04:00:00,100.6,2,0,98.6,23563259,823.28,0,0.0,0,0
2023-01-01 05:00:00,119.5,2,0,117.5,23986223,823.49,0,0.0,0,0
2023-01-01 06:00:00,136.3,2,0,134.3,24469811,823.73,0,0.0,0,0
2023-01-01 07:00:00,151.4,2,0,149.4,25007579,824.0,0,0.0,0,0
2023-01-01 08:00:00,164.8,2,0,162.8,25593767,824.3,0,0.0,0,0
2023-01-01 09:00:00,176.8,2,0,174.8,26223227,824.61,0,0.0,0,0
2023-01-01 10:00:00,187.6,2,12,173.6,26848115,824.92,0,0.0,0,43200
2023-01-01 11:00:00,197.2,2,12,183.2,27507563,825.2,0,0.0,0,86400
2023-01-01 12:00:00,205.8,2,12,191.8,28197863,825.46,0,0.0,0,129600
2023-01-01 13:00:00,213.4,2,12,199.4,28915775,825.74,0,0.0,0,172800
2023-01-01 14:00:00,220.3,2,12,206.3,29658311,826.02,0,0.0,0,216000
2023-01-01 15:00:00,226.4,2,12,212.4,30422879,826.32,0,0.0,0,259200
2023-01-01 16:00:00,231.8,2,12,217.8,31207139,826.62,0,0.0,0,302400
2023-01-01 17:00:00,236.7,2,12,222.7,32009003,826.93,0,0.0,0,345600
2023-01-01 18:00:00,241.1,2,0,239.1,32869763,827.26,0,0.0,0,345600
2023-01-01 19:00:00,245.0,2,0,243.0,33744599,827.59,0,0.0,0,345600
2023-01-01 20:00:00,248.5,2,0,246.5,34631963,827.94,0,0.0,0,345600
2023-01-01 21:00:00,251.6,2,0,249.6,35530559,828.28,0,0.0,0,345600
2023-01-01 22:00:00,254.4,2,0,252.4,36439163,828.63,0,0.0,0,345600
2023-01-01 23:00:00,256.9,2,0,254.9,37356731,828.98,0,0.0,0,345600
2023-01-02 00:00:00,256.9,2,0,254.9,38274299,829.34,0,0.0,0,345600
2023-01-02 01:00:00,229.6,2,0,227.6,39093479,829.65,0,0.0,0,345600
2023-01-02 02:00:00,205.1,2,0,203.1,39824747,829.93,0,0.0,0,345600
2023-01-02 03:00:00,183.3,2,0,181.3,40000000,830.0,477427,132.6,477427,345600
2023-01-02 04:00:00,163.8,2,0,161.8,40000000,830.0,582480,161.8,1059907,345600
2023-01-02 05:00:00,146.4,2,0,144.4,40000000,830.0,519768,144.4,1579675,345600
2023-01-02 06:00:00,130.8,2,0,128.8,40000000,830.0,463680,128.8,2043355,345600
2023-01-02 07:00:00,116.9,2,0,114.9,40000000,830.0,413604,114.9,2456959,345600
2023-01-02 08:00:00,104.4,2,0,102.4,40000000,830.0,368820,102.4,2825779,345600
2023-01-02 09:00:00,93.3,2,0,91.3,40000000,830.0,328824,91.3,3154603,345600
2023-01-02 10:00:00,83.4,2,12,69.4,40000000,830.0,249876,69.4,3404479,388800
2023-01-02 11:00:00,74.5,2,12,60.5,40000000,830.0,217908,60.5,3622387,432000
2023-01-02 12:00:00,66.6,2,12,52.6,40000000,830.0,189360,52.6,3811747,475200
2023-01-02 13:00:00,59.5,2,12,45.5,40000000,830.0,163872,45.5,3975619,518400
2023-01-02 14:00:00,53.2,2,12,39.2,40000000,830.0,141084,39.2,4116703,561600
2023-01-02 15:00:00,47.5,2,12,33.5,40000000,830.0,120708,33.5,4237411,604800
2023-01-02 16:00:00,42.5,2,12,28.5,40000000,830.0,102492,28.5,4339903,648000
2023-01-02 17:00:00,38.0,2,12,24.0,40000000,830.0,86220,24.0,4426123,691200
2023-01-02 18:00:00,33.9,2,0,31.9,40000000,830.0,114912,31.9,4541035,691200
2023-01-02 19:00:00,30.3,2,0,28.3,40000000,830.0,101916,28.3,4642951,691200
2023-01-02 20:00:00,27.1,2,0,25.1,40000000,830.0,90288,25.1,4733239,691200
2023-01-02 21:00:00,24.2,2,0,22.2,40000000,830.0,79920,22.2,4813159,691200
2023-01-02 22:00:00,21.6,2,0,19.6,40000000,830.0,70668,19.6,4883827,691200
2023-01-02 23:00:00,19.3,2,0,17.3,40000000,830.0,62388,17.3,4946215,691200
2023-01-03 00:00:00,17.3,2,0,15.3,40000000,830.0,54972,15.3,5001187,691200
2023-01-03 01:00:00,15.4,2,0,13.4,40000000,830.0,48348,13.4,5049535,691200
2023-01-03 02:00:00,13.8,2,0,11.8,40000000,830.0,42444,11.8,5091979,691200
2023-01-03 03:00:00,12.3,2,0,10.3,40000000,830.0,37152,10.3,5129131,691200
2023-01-03 04:00:00,11.0,2,0,9.0,40000000,830.0,32436,9.0,5161567,691200
2023-01-03 05:00:00,9.8,2,0,7.8,40000000,830.0,28224,7.8,5189791,691200
2023-01-03 06:00:00,8.8,2,0,6.8,40000000,830.0,24444,6.8,5214235,691200
2023-01-03 07:00:00,7.9,2,0,5.9,40000000,830.0,21096,5.9,5235331,691200
2023-01-03 08:00:00,7.0,2,0,5.0,40000000,830.0,18072,5.0,5253403,691200
2023-01-03 09:00:00,6.3,2,0,4.3,40000000,830.0,15372,4.3,5268775,691200
2023-01-03 10:00:00,5.6,2,12,-8.4,39969796,829.99,0,0.0,5268775,734400
2023-01-03 11:00:00,5.0,2,12,-9.0,39937432,829.98,0,0.0,5268775,777600
2023-01-03 12:00:00,4.5,2,12,-9.5,39903160,829.96,0,0.0,5268775,820800
2023-01-03 13:00:00,4.0,2,12,-10.0,39867160,829.95,0,0.0,5268775,864000
2023-01-03 14:00:00,3.6,2,12,-10.4,39829648,829.93,0,0.0,5268775,907200
2023-01-03 15:00:00,3.2,2,12,-10.8,39790768,829.92,0,0.0,5268775,950400
2023-01-03 16:00:00,2.9,2,12,-11.1,39750664,829.9,0,0.0,5268775,993600
2023-01-03 17:00:00,2.6,2,12,-11.4,39709444,829.89,0,0.0,5268775,1036800
2023-01-03 18:00:00,2.3,2,0,0.3,39710452,829.89,0,0.0,5268775,1036800
2023-01-03 19:00:00,2.0,2,0,0.0,39710596,829.89,0,0.0,5268775,1036800
2023-01-03 20:00:00,1.8,2,0,-0.2,39709948,829.89,0,0.0,5268775,1036800
2023-01-03 21:00:00,1.6,2,0,-0.4,39708616,829.89,0,0.0,5268775,1036800
2023-01-03 22:00:00,1.4,2,0,-0.6,39706636,829.89,0,0.0,5268775,1036800
2023-01-03 23:00:00,1.3,2,0,-0.7,39704116,829.89,0,0.0,5268775,1036800
2023-01-04 00:00:00,1.2,2,0,-0.8,39701092,829.89,0,0.0,5268775,1036800
