timestamp,Q_in [m3/s],Q_dmv [m3/s],Q_t [m3/s],Water balance [m3/s],Reservoir Volume [m3],Water level [m slm],Volume loss [m3],Overflow [m3/s],Cum Volume loss [m3],Cum Volume turb [m3
2023-01-01 00:00:00,0.0,2,0,-2.0,22635467,822.82,0,0.0,0,0
2023-01-01 01:00:00,29.6,2,0,27.6,22734647,822.87,0,0.0,0,0
2023-01-01 02:00:00,56.0,2,0,54.0,22928903,822.96,0,0.0,0,0
2023-01-01 03:00:00,79.6,2,0,77.6,23208119,823.1,0,0.0,0,0
2023-01-01 04:00:00,100.6,2,0,98.6,23563259,823.28,0,0.0,0,0
2023-01-01 05:00:00,119.5,2,0,117.5,23986223,823.49,0,0.0,0,0
2023-01-01 06:00:00,136.3,2,0,134.3,24469811,823.73,0,0.0,0,0
2023-01-01 07:00:00,151.4,2,0,149.4,25007579,824.0,0,0.0,0,0
2023-01-01 08:00:00,164.8,2,0,162.8,25593767,824.3,0,0.0,0,0
2023-01-01 09:00:00,176.8,2,0,174.8,26223227,824.61,0,0.0,0,0
2023-01-01 10:00:00,187.6,2,0,185.6,26891315,824.95,0,0.0,0,0
2023-01-01 11:00:00,197.2,2,0,195.2,27593963,825.23,0,0.0,0,0
2023-01-01 12:00:00,205.8,2,0,203.8,28327463,825.51,0,0.0,0,0
2023-01-01 13:00:00,213.4,2,0,211.4,29088575,825.8,0,0.0,0,0
2023-01-01 14:00:00,220.3,2,0,218.3,29874311,826.11,0,0.0,0,0
2023-01-01 15:00:00,226.4,2,0,224.4,30682079,826.42,0,0.0,0,0
2023-01-01 16:00:00,231.8,2,0,229.8,31509539,826.73,0,0.0,0,0
2023-01-01 17:00:00,236.7,2,0,234.7,32354603,827.06,0,0.0,0,0
2023-01-01 18:00:00,241.1,2,0,239.1,33215363,827.39,0,0.0,0,0
2023-01-01 19:00:00,245.0,2,0,243.0,34090199,827.73,0,0.0,0,0
2023-01-01 20:00:00,248.5,2,0,246.5,34977563,828.07,0,0.0,0,0
2023-01-01 21:00:00,251.6,2,0,249.6,35876159,828.41,0,0.0,0,0
2023-01-01 22:00:00,254.4,2,0,252.4,36784763,828.76,0,0.0,0,0
2023-01-01 23:00:00,256.9,2,0,254.9,37702331,829.12,0,0.0,0,0
2023-01-02 00:00:00,256.9,2,0,254.9,38619899,829.47,0,0.0,0,0
2023-01-02 01:00:00,229.6,2,0,227.6,39439079,829.78,0,0.0,0,0
2023-01-02 02:00:00,205.1,2,0,203.1,40000000,830.0,170347,47.3,170347,0
2023-01-02 03:00:00,183.3,2,0,181.3,40000000,830.0,652680,181.3,823027,0
2023-01-02 04:00:00,163.8,2,0,161.8,40000000,830.0,582480,161.8,1405507,0
2023-01-02 05:00:00,146.4,2,0,144.4,40000000,830.0,519768,144.4,1925275,0
2023-01-02 06:00:00,130.8,2,0,128.8,40000000,830.0,463680,128.8,2388955,0
2023-01-02 07:00:00,116.9,2,0,114.9,40000000,830.0,413604,114.9,2802559,0
2023-01-02 08:00:00,104.4,2,0,102.4,40000000,830.0,368820,102.4,3171379,0
2023-01-02 09:00:00,93.3,2,0,91.3,40000000,830.0,328824,91.3,3500203,0
2023-01-02 10:00:00,83.4,2,0,81.4,40000000,830.0,293076,81.4,3793279,0
2023-01-02 11:00:00,74.5,2,0,72.5,40000000,830.0,261108,72.5,4054387,0
2023-01-02 12:00:00,66.6,2,0,64.6,40000000,830.0,232560,64.6,4286947,0
2023-01-02 13:00:00,59.5,2,0,57.5,40000000,830.0,207072,57.5,4494019,0
2023-01-02 14:00:00,53.2,2,0,51.2,40000000,830.0,184284,51.2,4678303,0
2023-01-02 15:00:00,47.5,2,0,45.5,40000000,830.0,163908,45.5,4842211,0
2023-01-02 16:00:00,42.5,2,0,40.5,40000000,830.0,145692,40.5,4987903,0
2023-01-02 17:00:00,38.0,2,0,36.0,40000000,830.0,129420,36.0,5117323,0
2023-01-02 18:00:00,33.9,2,0,31.9,40000000,830.0,114912,31.9,5232235,0
2023-01-02 19:00:00,30.3,2,0,28.3,40000000,830.0,101916,28.3,5334151,0
2023-01-02 20:00:00,27.1,2,0,25.1,40000000,830.0,90288,25.1,5424439,0
2023-01-02 21:00:00,24.2,2,0,22.2,40000000,830.0,79920,22.2,5504359,0
2023-01-02 22:00:00,21.6,2,0,19.6,40000000,830.0,70668,19.6,5575027,0
2023-01-02 23:00:00,19.3,2,0,17.3,40000000,830.0,62388,17.3,5637415,0
2023-01-03 00:00:00,17.3,2,0,15.3,40000000,830.0,54972,15.3,5692387,0
2023-01-03 01:00:00,15.4,2,0,13.4,40000000,830.0,48348,13.4,5740735,0
2023-01-03 02:00:00,13.8,2,0,11.8,40000000,830.0,42444,11.8,5783179,0
2023-01-03 03:00:00,12.3,2,0,10.3,40000000,830.0,37152,10.3,5820331,0
2023-01-03 04:00:00,11.0,2,0,9.0,40000000,830.0,32436,9.0,5852767,0
2023-01-03 05:00:00,9.8,2,0,7.8,40000000,830.0,28224,7.8,5880991,0
2023-01-03 06:00:00,8.8,2,0,6.8,40000000,830.0,24444,6.8,5905435,0
2023-01-03 07:00:00,7.9,2,0,5.9,40000000,830.0,21096,5.9,5926531,0
2023-01-03 08:00:00,7.0,2,0,5.0,40000000,830.0,18072,5.0,5944603,0
2023-01-03 09:00:00,6.3,2,0,4.3,40000000,830.0,15372,4.3,5959975,0
2023-01-03 10:00:00,5.6,2,0,3.6,40000000,830.0,12996,3.6,5972971,0
2023-01-03 11:00:00,5.0,2,0,3.0,40000000,830.0,10836,3.0,5983807,0
2023-01-03 12:00:00,4.5,2,0,2.5,40000000,830.0,8928,2.5,5992735,0
2023-01-03 13:00:00,4.0,2,0,2.0,40000000,830.0,7200,2.0,5999935,0
2023-01-03 14:00:00,3.6,2,0,1.6,40000000,830.0,5688,1.6,6005623,0
2023-01-03 15:00:00,3.2,2,0,1.2,40000000,830.0,4320,1.2,6009943,0
2023-01-03 16:00:00,2.9,2,0,0.9,40000000,830.0,3096,0.9,6013039,0
2023-01-03 17:00:00,2.6,2,0,0.5,40000000,830.0,1980,0.6,6015019,0
2023-01-03 18:00:00,2.3,2,0,0.3,40000000,830.0,1008,0.3,6016027,0
2023-01-03 19:00:00,2.0,2,0,0.0,40000000,830.0,144,0.0,6016171,0
2023-01-03 20:00:00,1.8,2,0,-0.2,39999352,830.0,0,0.0,6016171,0
2023-01-03 21:00:00,1.6,2,0,-0.4,39998020,830.0,0,0.0,6016171,0
2023-01-03 22:00:00,1.4,2,0,-0.6,39996040,830.0,0,0.0,6016171,0
2023-01-03 23:00:00,1.3,2,0,-0.7,39993520,830.0,0,0.0,6016171,0
2023-01-04 00:00:00,1.2,2,0,-0.8,39990496,830.0,0,0.0,6016171,0
